# Created by Octave 6.3.0, Mon Oct 11 17:00:56 2021 GMT <unknown@Desktop-Paulo>
# name: CumCases
# type: matrix
# rows: 365
# columns: 1
 1.0000000000000001e-05
 1.373601563341193e-05
 1.8431879947519198e-05
 2.4328659005689704e-05
 3.1726609268557088e-05
 4.0999016455664602e-05
 5.2610595190667422e-05
 6.7135753283420192e-05
 8.5291757492865993e-05
 0.00010796565416131832
 0.00013623833977028537
 0.00017148011436633067
 0.00021537885052810642
 0.00027000026881533344
 0.00033781718690753445
 0.00042189243693796979
 0.00052620436988260648
 0.00065565413630923395
 0.00081606568637746055
 0.0010142982261262567
 0.0012590673290208522
 0.0015607580825124311
 0.0019326160340523435
 0.0023909442095642816
 0.0029551031134442719
 0.0036477374650177542
 0.0044970408530658314
 0.0055367139370768193
 0.0068085905090495358
 0.0083631552265782932
 0.010259543612852891
 0.01256596426875428
 0.015365085979883413
 0.018756226640929827
 0.022855683827390075
 0.0277969419148947
 0.033730672079208115
 0.040822373613014648
 0.049258960957150863
 0.059266868830692349
 0.07107042404425222
 0.084887639424197359
 0.1009302138126487
 0.11940104463157504
 0.14045390677869987
 0.16423262615002926
 0.1907905041119935
 0.22006345537011876
 0.25187000796902714
 0.28591130329243641
 0.32177693815535957
 0.35902620079126618
 0.39703990252758864
 0.43519508183485422
 0.47292949156260128
 0.50974159893937943
 0.54519058557275057
 0.57889634744928609
 0.61053949493457083
 0.63989697391991118
 0.66694299762288145
 0.69170686893884459
 0.71424500026539794
 0.73464151964273627
 0.7530082707536544
 0.76948481292354187
 0.78423842112038944
 0.79746408595478702
 0.80934783695133761
 0.81996826405434353
 0.82946646910462762
 0.83797690049090545
 0.84561871585277593
 0.85249578208072341
 0.85869667531611793
 0.86429468095121276
 0.86934779362914649
 0.87389871724394597
 0.87797486494051535
 0.88160936108999799
 0.88489055246568649
 0.88785676839272709
 0.8905389068649654
 0.89296557447673719
 0.89516308642286957
 0.89715546649867917
 0.89896444709997503
 0.90060946922305396
 0.90210768246470507
 0.90347394889350396
 0.90472109202985818
 0.90585918789292597
 0.90689714852537129
 0.90784343720928573
 0.90870606846618851
 0.90949260805702414
 0.91021017298216733
 0.91086543148141674
 0.91146460303400123
 0.91201345835857406
 0.9125173114025662
 0.91297981856714694
 0.91340364689170306
 0.91379174992998469
 0.91414694743533609
 0.91447192536069899
 0.91476923585861181
 0.91504129728120964
 0.91529039418022329
 0.91551867730698056
 0.91572816361240528
 0.91592071629943284
 0.9160975706089729
 0.91625978965691346
 0.91640848539109521
 0.91654471771251811
 0.91666949447533819
 0.91678377148687051
 0.91688845250758855
 0.91698438925112091
 0.91707238138425806
 0.91715317652694339
 0.91722738868866838
 0.91729546847994436
 0.91735787775666122
 0.91741505686531011
 0.91746742453611319
 0.91751537788302551
 0.91755929240373546
 0.9175995219796621
 0.91763639887596116
 0.91767023374151291
 0.91770129025167257
 0.91772976476651913
 0.91775585265712512
 0.91777974019063591
 0.91780160439133596
 0.91782161304064713
 0.91783992467713049
 0.9178566885964865
 0.91787204485155172
 0.9178861242462456
 0.91789903538209583
 0.91791086253894816
 0.91792168881830927
 0.91793159331996899
 0.91794065114200507
 0.91794893338077965
 0.91795650713094201
 0.91796343548542569
 0.91796977753545128
 0.91797558816852198
 0.9179809111380558
 0.91798578239944362
 0.91799023684080927
 0.91799430769706525
 0.91799802654991336
 0.91800142332784418
 0.91800452630613971
 0.91800736210686829
 0.91800995569888855
 0.91801233035618812
 0.918014505170898
 0.91801649462865653
 0.9180183124579967
 0.91801997185909601
 0.91802148550377716
 0.91802286553550905
 0.91802412356940422
 0.91802527069222062
 0.91802631746236218
 0.91802727390987982
 0.91802814953646561
 0.91802895249707051
 0.91802968764909343
 0.91803035951238166
 0.91803097251571986
 0.91803153097895895
 0.9180320391130169
 0.91803250101987677
 0.91803292069258902
 0.91803330201526889
 0.9180336487631009
 0.91803396460233244
 0.9180342530902792
 0.91803451767532274
 0.91803476137258333
 0.91803498515469228
 0.91803519000852896
 0.91803537701982707
 0.91803554727994241
 0.91803570188585426
 0.91803584194016508
 0.9180359685510997
 0.91803608283250715
 0.91803618590385772
 0.91803627889024686
 0.91803636292239099
 0.9180364391366308
 0.91803650867492981
 0.91803657268487449
 0.91803663231967247
 0.91803668804851202
 0.91803673950401921
 0.9180367867979472
 0.91803683006089842
 0.91803686944029173
 0.91803690510036151
 0.91803693722215984
 0.91803696600355333
 0.91803699165922603
 0.91803701442067709
 0.91803703453622321
 0.91803705227099586
 0.91803706790694373
 0.91803708174283094
 0.91803709409423873
 0.91803710529356275
 0.91803711569001634
 0.9180371256496318
 0.91803713555524946
 0.91803714536802017
 0.9180371546389795
 0.91803716332542629
 0.91803717139485896
 0.91803717882278979
 0.91803718559274716
 0.9180371916962714
 0.9180371971329192
 0.91803720191026073
 0.91803720604388017
 0.91803720955737678
 0.9180372124823637
 0.91803721485846879
 0.91803721673333372
 0.91803721816261441
 0.91803721920998316
 0.91803721994712284
 0.91803722045373426
 0.91803722081753059
 0.91803722113423858
 0.91803722150760259
 0.91803722204937854
 0.91803722287933742
 0.91803722412499755
 0.91803722562932155
 0.91803722715694425
 0.91803722867864135
 0.918037230167848
 0.91803723160065831
 0.91803723295582607
 0.91803723421476369
 0.91803723536154314
 0.91803723638289603
 0.91803723726821296
 0.91803723800954351
 0.91803723860159647
 0.91803723904174084
 0.91803723933000381
 0.9180372394690719
 0.91803723946429261
 0.91803723932366932
 0.91803723905786805
 0.91803723868021236
 0.91803723820668504
 0.91803723765592915
 0.91803723704924534
 0.91803723641059565
 0.91803723576659924
 0.91803723514653612
 0.91803723458234632
 0.91803723410862559
 0.91803723376263302
 0.91803723358428158
 0.91803723361615108
 0.91803723390347758
 0.91803723441354235
 0.91803723497736534
 0.91803723557219519
 0.91803723618300359
 0.91803723679593086
 0.91803723739828613
 0.91803723797854653
 0.91803723852635744
 0.91803723903253287
 0.91803723948905547
 0.91803723988907571
 0.91803724022691258
 0.91803724049805413
 0.91803724069915549
 0.91803724082804117
 0.91803724088370464
 0.91803724086630556
 0.91803724077717419
 0.91803724061880809
 0.91803724039487422
 0.91803724011020571
 0.91803723977080665
 0.91803723938384718
 0.91803723895766942
 0.9180372385017791
 0.91803723802685344
 0.91803723754473754
 0.91803723706844442
 0.91803723661215586
 0.91803723619122102
 0.91803723582216079
 0.91803723552265948
 0.918037235311573
 0.91803723520892522
 0.91803723523590774
 0.91803723541488103
 0.91803723575482865
 0.91803723611674826
 0.91803723645916269
 0.91803723678100557
 0.91803723708137508
 0.91803723735953313
 0.91803723761490541
 0.91803723784708224
 0.91803723805581749
 0.91803723824102956
 0.91803723840280005
 0.9180372385413752
 0.91803723865716591
 0.9180372387507455
 0.91803723882285293
 0.91803723887439015
 0.91803723890642375
 0.91803723892018385
 0.91803723891706523
 0.9180372388986261
 0.91803723886658928
 0.91803723882284116
 0.91803723876943155
 0.91803723870857756
 0.91803723864265518
 0.91803723857420783
 0.91803723850594321
 0.91803723844073115
 0.91803723838160622
 0.91803723833176976
 0.91803723829458084
 0.91803723827356942
 0.91803723827242534
 0.91803723829500383
 0.91803723834532336
 0.91803723842757068
 0.91803723854608588
 0.91803723867291709
 0.91803723877569865
 0.91803723885795241
 0.91803723892290257
 0.91803723897344214
 0.91803723901213752
 0.9180372390412247
 0.91803723906261181
 0.91803723907787749
 0.91803723908827117
 0.91803723909471402
 0.91803723909779822
 0.91803723909778667
 0.91803723909461432
 0.91803723908788348
 0.91803723907687518


# name: NewCases
# type: matrix
# rows: 365
# columns: 1
 3.7360156334119297e-06
 4.6958643141072676e-06
 5.8967790581705061e-06
 7.3979502628673841e-06
 9.2724071871075133e-06
 1.161157873500282e-05
 1.452515809275277e-05
 1.8156004209445801e-05
 2.2673896668452329e-05
 2.827268560896705e-05
 3.5241774596045302e-05
 4.389873616177575e-05
 5.4621418287227017e-05
 6.7816918092201007e-05
 8.4075250030435345e-05
 0.00010431193294463669
 0.00012944976642662747
 0.0001604115500682266
 0.00019823253974879612
 0.00024476910289459555
 0.00030169075349157888
 0.00037185795153991236
 0.00045832817551193813
 0.00056415890387999032
 0.00069263435157348226
 0.00084930338804807722
 0.0010396730840109879
 0.0012718765719727165
 0.0015545647175287574
 0.001896388386274598
 0.0023064206559013888
 0.0027991217111291329
 0.0033911406610464146
 0.0040994571864602473
 0.0049412580875046255
 0.0059337301643134152
 0.0070917015338065326
 0.0084365873441362149
 0.010007907873541486
 0.011803555213559871
 0.013817215379945139
 0.016042574388451344
 0.018470830818926337
 0.021052862147124832
 0.023778719371329388
 0.026557877961964238
 0.029272951258125263
 0.031806552598908383
 0.034041295323409271
 0.035865634862923157
 0.03724926263590661
 0.038013701736322458
 0.038155179307265585
 0.037734409727747054
 0.036812107376778147
 0.035448986633371149
 0.033705761876535512
 0.031643147485284739
 0.029357478985340357
 0.027046023702970268
 0.024763871315963137
 0.022538131326553357
 0.020396519377338329
 0.018366751110918123
 0.016476542169887476
 0.014753608196847567
 0.013225664834397577
 0.011883750996550591
 0.010620427103005925
 0.009498205050284092
 0.008510431386277828
 0.0076418153618704743
 0.0068770662279474815
 0.0062008932353945223
 0.0055980056350948271
 0.0050531126779337354
 0.0045509236147994736
 0.0040761476965693877
 0.0036344961494826356
 0.0032811913756884969
 0.0029662159270406052
 0.0026821384722383046
 0.0024266676117717934
 0.00219751194613238
 0.0019923800758095966
 0.001808980601295862
 0.0016450221230789319
 0.001498213241651114
 0.0013662664287988902
 0.0012471431363542118
 0.0011380958630677895
 0.0010379606324453228
 0.00094628868391444243
 0.00086263125690277942
 0.00078653959083563318
 0.00071756492514318815
 0.00065525849924941149
 0.00059917155258448762
 0.00054885532457282782
 0.00050385304399214181
 0.00046250716458073882
 0.00042382832455611918
 0.00038810303828162862
 0.00035519750535140115
 0.00032497792536290149
 0.00029731049791281716
 0.00027206142259783572
 0.00024909689901364551
 0.00022828312675726714
 0.00020948630542472202
 0.00019255268702755846
 0.00017685430954006431
 0.00016221904794055941
 0.00014869573418174742
 0.0001362323214229022
 0.00012477676282007799
 0.00011427701153232661
 0.00010468102071803376
 9.5936743532365476e-05
 8.7992133137149153e-05
 8.079514268533039e-05
 7.4212161724984682e-05
 6.8079791275987844e-05
 6.2409276716857143e-05
 5.7179108648885979e-05
 5.236767080307736e-05
 4.795334691232167e-05
 4.3914520709953386e-05
 4.0229575926642447e-05
 3.6876896299053996e-05
 3.3834865551751747e-05
 3.105651015966604e-05
 2.8474514846554833e-05
 2.608789060598582e-05
 2.3887533510791314e-05
 2.186420070005024e-05
 2.0008649311176185e-05
 1.8311636483359095e-05
 1.6763919356010959e-05
 1.5356255065213098e-05
 1.4079394693888858e-05
 1.2911135850224298e-05
 1.1827156852328713e-05
 1.0826279361109137e-05
 9.9045016597187896e-06
 9.0578220360848505e-06
 8.2822387745817849e-06
 7.573750162359616e-06
 6.9283544836817867e-06
 6.342050025587298e-06
 5.8106330707019538e-06
 5.3229695338163907e-06
 4.8712613878176825e-06
 4.4544413656533166e-06
 4.0708562559776951e-06
 3.7188528481113536e-06
 3.3967779308197166e-06
 3.1029782955327434e-06
 2.8358007285733677e-06
 2.5935920202613261e-06
 2.3746572995753112e-06
 2.1748147098765713e-06
 1.9894577585333195e-06
 1.8178293401671652e-06
 1.6594010993076225e-06
 1.513644681150339e-06
 1.3800317318901634e-06
 1.2580338951684311e-06
 1.1471228164028346e-06
 1.0467701415661779e-06
 9.5644751763046543e-07
 8.7562658579454222e-07
 8.0296060489537524e-07
 7.3515202292373516e-07
 6.7186328822632646e-07
 6.1300333820124564e-07
 5.5846323909758411e-07
 5.0813405794158939e-07
 4.6190685987212987e-07
 4.1967271224851999e-07
 3.8132267987656121e-07
 3.4674783200294712e-07
 3.1583923154610005e-07
 2.8848794675351286e-07
 2.6458504354121004e-07
 2.436972605934784e-07
 2.2378210895457329e-07
 2.0485383667168122e-07
 1.8701129811393713e-07
 1.7026011533971541e-07
 1.546059118506804e-07
 1.4005431081542952e-07
 1.2661093462540407e-07
 1.1428140744840221e-07
 1.0307135056564221e-07
 9.2986389144122938e-08
 8.4032144131995778e-08
 7.6214239808081174e-08
 6.9538299007909643e-08
 6.4009944678034003e-08
 5.9634797988650234e-08
 5.5728839543078834e-08
 5.1455507188435945e-08
 4.7293927996072682e-08
 4.3262951221478829e-08
 3.9379393301786081e-08
 3.5660069785947712e-08
 3.2121798332340745e-08
 2.8781393490717733e-08
 2.5655672697411092e-08
 2.2761451057284887e-08
 2.0115546117693839e-08
 1.7734772650435104e-08
 1.5635947869796496e-08
 1.3835887213708986e-08
 1.2351407785438084e-08
 1.1199324023714041e-08
 1.0396453586913879e-08
 9.9596154656822478e-09
 9.9056176594558565e-09
 9.8127707071071768e-09
 9.2709593335627005e-09
 8.6864467840896964e-09
 8.0694326776153957e-09
 7.4279308259761478e-09
 6.7699573724766537e-09
 6.1035242415741209e-09
 5.4366477986178552e-09
 4.7773415223772986e-09
 4.1336194467334053e-09
 3.5134966047678517e-09
 2.9249869193392897e-09
 2.3761050904624881e-09
 1.8748649299737963e-09
 1.4292806937987734e-09
 1.0473687472867255e-09
 7.3713968262723029e-10
 5.0661141948182831e-10
 3.6379632639693682e-10
 3.1670799316430021e-10
 3.7336400637855149e-10
 5.4177595742999074e-10
 8.2995887940029434e-10
 1.2456601305999015e-09
 1.5043239987022616e-09
 1.5276226950078353e-09
 1.5216971016585035e-09
 1.4892066468874532e-09
 1.4328103148386617e-09
 1.3551677557899211e-09
 1.2589376208183012e-09
 1.1467794491792915e-09
 1.0213528911506842e-09
 8.8531693087645635e-10
 7.4133055250058533e-10
 5.9205296221165327e-10
 4.4014436539896451e-10
 2.8826296905037907e-10
 1.3906809037678158e-10
 -4.7792880764063739e-12
 -1.406232907896765e-10
 -2.6580126988307029e-10
 -3.776556845025425e-10
 -4.7352732845951095e-10
 -5.5075588534236886e-10
 -6.0668381429707097e-10
 -6.3864968868898586e-10
 -6.4399641175327815e-10
 -6.2006311196682873e-10
 -5.6418980598493818e-10
 -4.7372072931040066e-10
 -3.4599256792944288e-10
 -1.7835144472400088e-10
 3.1869507033377431e-11
 2.8732649592910775e-10
 5.1006476819992486e-10
 5.6382298829760202e-10
 5.9482985204084571e-10
 6.1080840385585589e-10
 6.12927264498353e-10
 6.0235527676866241e-10
 5.8026039528868978e-10
 5.4781090774724817e-10
 5.0617543490005801e-10
 4.5652259750283974e-10
 4.0002023915519658e-10
 3.3783686959054648e-10
 2.7114155365381976e-10
 2.0110135778850236e-10
 1.2888567990643196e-10
 5.5663473830236398e-11
 -1.7399082175018066e-11
 -8.9131368952166667e-11
 -1.5836609801311852e-10
 -2.2393387144603594e-10
 -2.8466851098585266e-10
 -3.3939906440849654e-10
 -3.8695946447120377e-10
 -4.2617775974918004e-10
 -4.5589032549031572e-10
 -4.7492565435902634e-10
 -4.821159027557087e-10
 -4.7629311605845714e-10
 -4.5628856248924876e-10
 -4.209348425376902e-10
 -3.6906022682359207e-10
 -2.9950131263944968e-10
 -2.1108648162737609e-10
 -1.0264777916546564e-10
 2.6982527323582417e-11
 1.7897328064009344e-10
 3.3994762560496383e-10
 3.6191960539611046e-10
 3.4241443014337847e-10
 3.2184288567549402e-10
 3.0036950704470655e-10
 2.7815805214714828e-10
 2.5537227887895142e-10
 2.3217683331466787e-10
 2.0873525130582493e-10
 1.8521206790467204e-10
 1.617704858958291e-10
 1.3857515135384801e-10
 1.157907103532807e-10
 9.357958852262982e-11
 7.2107431137169442e-11
 5.1537218936914542e-11
 3.2033597996417029e-11
 1.376010416720419e-11
 -3.1186164761720647e-12
 -1.8439139104486912e-11
 -3.2036817643188442e-11
 -4.3748116240749368e-11
 -5.3409610067944868e-11
 -6.085398851496393e-11
 -6.5922378666982695e-11
 -6.8447358891887689e-11
 -6.8264616182034388e-11
 -6.521205797582752e-11
 -5.9124927176412712e-11
 -4.9836468285491264e-11
 -3.7188918611263944e-11
 -2.1011414830240938e-11
 -1.1440848268762238e-12
 2.2578494629499346e-11
 5.031952632350567e-11
 8.2247320065675922e-11
 1.1851519765571084e-10
 1.2683121219936311e-10
 1.0278156103993297e-10
 8.2253759359218748e-11
 6.4950156364318445e-11
 5.0539572526986376e-11
 3.8695380233377819e-11
 2.9087177111364326e-11
 2.1387114301774091e-11
 1.5265677610898365e-11
 1.0393685911935791e-11
 6.4428462565047084e-12
 3.0841995624086849e-12
 -1.1546319456101628e-14
 -3.1723512705639223e-12
 -6.730838109092474e-12
 -1.1008305378368277e-11
 0


